10 14 0
13 13 0
2 5 0
2 8 0
5 25 0
8 29 0
9 22 0
10 29 0
1 23 0
10 37 0
11 33 0
3 39 0
4 31 0
13 34 0
9 44 0
9 34 0
8 55 0
1 58 0
4 56 0
3 54 0
10 48 0
13 70 0
3 66 0
5 62 0
8 87 0
9 86 0
7 84 0
14 79 0
9 91 0
7 94 0
6 92 0
4 100 0
11 97 0
10 94 0
8 92 0
20 13 0
21 10 0
24 14 0
20 6 0
16 25 0
26 16 0
17 22 0
17 29 0
28 16 0
26 36 0
19 37 0
20 31 0
21 33 0
21 43 0
29 40 0
20 34 0
29 55 0
20 48 0
19 48 0
24 57 0
16 58 0
21 59 0
25 58 0
26 68 0
26 71 0
27 64 0
19 66 0
23 71 0
23 64 0
27 67 0
25 82 0
18 78 0
20 82 0
19 85 0
27 88 0
28 76 0
23 86 0
18 100 0
23 94 0
17 97 0
25 99 0
22 92 0
26 95 0
36 8 0
37 14 0
32 13 0
34 10 0
37 4 0
35 13 0
31 2 0
36 24 0
31 26 0
37 25 0
37 22 0
37 32 0
36 32 0
41 38 0
31 33 0
39 42 0
33 42 0
32 37 0
39 52 0
33 53 0
43 50 0
44 55 0
36 57 0
34 50 0
38 66 0
41 74 0
35 62 0
40 72 0
33 62 0
34 67 0
34 68 0
31 82 0
33 86 0
39 76 0
44 97 0
44 91 0
31 101 0
32 104 0
53 8 0
51 12 0
52 14 0
47 10 0
58 1 0
56 20 0
57 17 0
49 20 0
47 26 0
55 24 0
56 17 0
59 17 0
55 39 0
58 40 0
55 37 0
46 36 0
59 38 0
46 34 0
52 50 0
56 58 0
56 46 0
47 47 0
59 46 0
53 50 0
52 71 0
57 63 0
59 61 0
58 79 1
56 86 1
47 89 1
47 101 1
53 95 1
56 99 1
53 97 1
47 100 1
59 98 1
63 7 0
70 12 0
64 3 0
63 16 0
69 21 0
69 27 0
63 26 0
73 28 0
64 21 0
70 23 0
73 33 0
71 40 0
61 36 0
62 32 0
72 32 0
63 49 0
64 52 0
65 54 0
71 70 0
61 70 0
65 68 0
71 63 0
63 62 0
70 63 0
71 74 0
70 86 0
67 80 0
66 82 0
67 85 0
68 76 0
62 83 0
73 91 1
72 96 1
67 102 1
80 11 0
86 13 0
76 10 0
82 7 0
82 6 0
83 26 0
88 26 0
87 19 0
82 23 0
82 24 0
84 44 0
77 35 0
76 38 0
82 43 0
82 58 0
83 47 0
85 56 0
76 52 0
86 68 0
84 73 0
82 69 0
78 72 0
82 72 0
82 73 0
79 68 0
85 78 0
84 83 0
82 87 0
79 77 0
79 101 0
87 97 0
81 102 0
89 93 0
79 95 0
103 3 0
101 14 0
92 2 0
104 7 0
95 21 0
98 16 0
99 29 0
97 20 0
100 27 0
96 28 0
95 40 0
103 40 0
92 32 0
102 33 0
95 37 0
92 33 0
95 39 0
97 48 0
94 49 0
92 55 0
93 55 0
99 47 0
102 50 0
98 49 0
94 68 0
95 64 0
98 69 0
96 66 0
95 85 0
103 88 0
97 85 0
99 80 0
95 80 0
91 85 0
103 76 0
100 103 0
104 104 0
91 94 0
102 92 0
96 92 0
