2.93 8.62 144
12.31 11.05 186
13.41 8.26 186
6.5 6.61 185
11.69 11.25 148
3.95 9.57 151
8.36 12.78 151
7.9 26.38 146
5.96 25.36 185
8.13 26.89 146
10.55 25.97 144
4.67 24.03 149
5.39 35.57 150
7.49 33.88 152
7.49 35.98 149
10.56 34.29 152
4.94 33.87 151
11.03 34.55 149
9.61 33.16 184
5.26 52.0 145
12.68 55.97 184
8.92 55.53 185
4.06 53.88 148
1.01 63.01 152
4.69 67.48 185
11.46 70.84 148
12.91 73.92 150
13.4 72.56 144
5.05 87.94 148
4.39 86.03 145
5.55 81.72 185
9.3 88.31 151
10.9 84.91 145
6.26 88.01 152
4.91 84.36 147
12.19 85.23 184
5.14 94.87 186
9.02 95.57 185
13.07 98.43 186
7.48 97.76 148
7.02 96.13 150
9.38 94.88 149
12.12 98.24 147
18.84 7.83 144
18.87 8.37 145
23.77 6.91 184
18.13 8.91 152
26.35 13.27 152
21.14 12.14 152
27.47 18.39 146
18.83 20.83 146
18.94 19.87 148
17.77 24.32 144
19.4 27.14 145
22.78 36.04 147
24.37 34.88 144
24.78 35.59 185
21.03 34.14 144
20.9 40.64 150
26.99 33.95 186
23.15 55.65 186
20.12 57.03 144
16.53 48.75 145
19.74 58.45 144
19.97 49.15 144
18.1 57.78 144
17.2 50.01 152
17.3 48.15 149
18.7 62.29 149
26.57 62.08 144
28.18 65.86 184
27.48 62.25 144
20.93 69.28 152
19.33 68.52 147
26.51 85.66 151
26.79 79.38 147
18.65 81.79 148
23.57 80.5 148
24.51 85.61 184
25.49 85.54 152
22.13 80.52 152
18.04 104.0 148
25.01 91.22 147
25.48 92.46 146
23.1 96.04 147
16.31 100.09 150
18.8 95.47 144
37.34 9.12 147
33.22 3.14 152
36.12 5.71 186
39.2 2.75 151
39.11 4.05 144
32.53 11.18 149
33.83 8.19 149
38.67 7.05 150
38.15 21.44 145
33.02 25.18 144
33.83 21.46 184
38.31 20.65 146
33.23 23.74 152
34.84 24.24 185
37.19 34.33 145
42.85 43.96 146
37.44 39.59 147
32.86 40.33 147
38.53 37.04 146
35.57 35.41 148
37.82 47.79 145
31.89 55.49 144
34.39 48.28 149
35.5 52.54 186
31.47 52.74 146
40.01 55.59 145
36.19 54.16 151
34.79 54.28 146
33.19 64.13 147
32.38 66.11 144
37.85 68.98 186
42.19 63.32 148
41.02 72.1 149
31.93 64.29 144
43.94 71.24 184
31.9 87.04 145
32.21 82.27 151
33.02 82.56 147
31.4 86.72 147
33.72 84.39 185
37.0 78.77 146
40.87 76.88 145
31.61 83.25 144
31.0 103.3 147
33.48 101.54 144
32.55 96.86 186
34.45 98.39 186
31.92 102.2 145
32.43 97.69 145
42.18 100.56 186
32.71 100.79 147
52.81 10.27 148
49.36 11.66 186
51.0 13.88 148
48.45 9.04 152
56.23 6.7 150
55.94 18.39 147
52.79 17.35 186
48.56 24.85 144
49.65 21.87 186
52.7 23.07 148
57.81 34.64 147
47.61 35.51 149
56.12 36.6 149
54.96 40.51 149
52.05 38.92 151
54.72 33.75 185
50.38 52.11 184
55.38 48.61 150
47.93 51.22 185
55.71 56.67 150
53.43 51.54 145
48.99 47.33 150
47.67 73.12 147
54.01 62.04 151
55.45 72.05 149
58.48 63.87 146
63.29 5.88 184
61.47 9.51 185
70.19 8.09 145
73.28 13.22 147
61.71 7.8 145
71.96 11.31 150
62.3 5.05 148
69.77 8.69 152
68.27 22.32 148
63.39 19.2 149
62.1 16.48 149
70.87 17.14 150
65.64 21.96 151
65.87 23.84 149
64.72 17.65 149
72.15 34.9 149
61.15 33.0 150
68.31 42.79 151
70.72 32.78 152
68.47 43.37 144
70.84 31.63 149
64.99 56.08 146
64.89 55.5 148
66.98 55.51 146
67.43 53.65 148
61.63 62.54 184
71.34 64.72 146
72.04 66.75 152
69.99 73.76 186
72.31 69.5 186
67.7 82.99 146
63.58 81.88 146
62.67 79.8 151
70.79 82.96 185
86.06 10.64 185
77.96 8.69 146
83.68 10.15 146
83.18 8.52 146
87.07 12.83 145
82.61 4.22 184
83.76 23.96 148
84.47 28.03 147
79.58 24.64 149
88.64 23.94 185
80.08 42.45 149
79.05 35.99 146
76.32 33.89 148
78.51 37.98 151
82.84 40.42 148
84.95 58.86 145
80.4 52.58 150
82.53 49.62 146
88.82 55.67 152
80.98 73.24 149
79.17 66.28 151
83.83 68.12 145
76.76 73.72 146
86.8 69.41 185
76.26 71.58 149
87.1 81.01 145
83.94 80.47 185
83.72 77.18 146
87.95 81.06 151
77.19 103.57 152
86.81 92.8 144
83.16 95.58 144
86.11 91.1 186
80.96 103.23 147
102.07 11.7 185
99.35 11.28 149
103.41 3.98 186
103.47 10.44 149
103.8 5.31 152
102.35 4.02 149
101.86 12.53 152
94.18 3.42 185
98.71 26.33 185
97.62 28.74 149
97.42 21.53 149
97.17 27.99 185
97.09 24.16 145
92.13 34.39 146
103.99 35.87 150
93.83 38.85 144
93.85 34.06 148
93.56 37.82 184
95.24 33.85 186
101.69 48.15 147
99.35 51.95 144
101.05 48.23 147
97.33 46.74 148
96.22 63.56 149
97.41 66.18 184
99.55 66.06 150
98.4 67.2 147
100.13 64.71 149
92.8 63.68 144
96.68 67.99 147
92.66 80.64 148
93.43 86.31 186
97.84 76.69 184
95.79 84.07 144
92.44 88.25 147
94.88 88.16 145
96.63 85.99 146
102.49 102.79 147
99.27 93.49 149
101.4 101.63 152
93.86 98.05 148
