2 5 1
2 8 1
8 8 1
4 12 0
8 11 0
7 17 0
1 18 0
5 14 0
2 28 0
9 22 0
3 29 0
7 26 0
9 37 0
8 36 0
7 36 0
9 45 1
1 42 1
11 8 0
11 5 0
15 13 0
17 15 0
13 11 0
19 11 0
16 27 0
14 25 0
12 27 0
18 35 0
12 31 0
18 47 0
16 47 0
12 42 0
16 48 0
22 8 0
22 6 0
24 7 0
25 1 0
24 15 0
22 18 0
26 28 0
28 24 0
27 26 0
28 34 0
27 37 0
27 44 0
25 42 0
21 42 0
38 5 0
38 3 0
38 9 0
33 15 0
39 15 0
33 25 0
38 29 0
33 23 0
33 28 0
36 25 0
34 38 0
35 36 0
38 32 0
34 32 0
31 31 0
31 47 0
33 49 0
42 4 1
41 8 1
43 5 1
44 8 1
47 6 1
45 14 0
44 11 0
43 16 0
47 19 0
47 21 0
45 26 0
45 36 0
46 35 0
46 39 0
49 31 0
49 32 0
44 43 1
42 43 1
47 41 1
42 49 1
