6.27 8.77 53
4.82 5.46 7
5.75 7.22 53
6.43 4.79 53
7.8 3.42 6
3.13 7.98 7
3.77 4.77 52
6.3 24.86 54
6.85 24.58 5
3.93 27.66 52
3.9 24.81 53
4.12 26.14 4
14.36 8.2 52
18.89 1.34 4
17.92 1.53 54
17.58 7.62 6
16.35 5.71 53
17.7 2.25 4
11.89 13.01 6
15.68 15.39 53
14.08 13.25 4
13.24 26.42 5
16.78 25.73 54
27.28 2.66 52
26.68 2.92 54
25.16 15.02 53
27.35 11.89 53
25.58 18.73 53
24.19 12.6 4
22.4 17.74 7
26.29 22.18 54
27.57 24.83 5
26.71 23.7 54
27.31 21.52 7
21.54 22.93 54
36.92 4.33 7
31.52 5.15 7
37.3 13.86 5
36.58 13.77 6
36.31 13.2 7
35.24 27.23 5
31.68 26.44 52
32.27 26.9 7
33.51 25.85 5
45.0 4.76 4
46.53 3.75 7
42.39 6.59 52
42.04 5.37 52
42.45 2.34 7
45.11 3.02 4
48.22 5.49 53
47.45 21.89 6
44.18 21.18 6
45.51 27.25 5
42.22 24.95 7
