2.08 3.21 341
3.34 2.06 377
2.99 7.66 343
3.66 6.41 376
2.58 12.43 343
3.79 11.2 377
3.58 13.73 377
3.12 16.92 375
3.92 23.74 375
2.14 21.01 375
2.05 28.23 342
3.93 27.43 343
3.77 26.01 341
1.47 31.45 342
2.38 31.11 376
1.3 32.92 377
1.4 37.72 376
3.73 41.03 343
2.62 43.82 377
1.43 47.74 341
1.36 47.22 343
2.7 51.17 374
2.34 53.77 341
1.14 52.57 342
2.71 56.8 377
2.96 56.31 377
1.92 61.05 376
1.15 68.9 375
1.76 72.52 341
6.84 2.81 341
6.56 7.63 374
7.6 8.45 377
8.87 6.78 343
8.07 11.52 375
8.61 11.22 342
6.91 12.51 377
7.98 17.24 375
8.89 18.01 377
8.48 18.82 341
8.82 23.29 374
8.41 22.98 374
7.35 23.02 342
6.11 27.27 377
7.71 26.78 374
8.14 29.0 377
7.33 32.74 376
7.92 32.18 375
6.05 31.75 341
7.59 36.84 341
6.06 36.88 342
8.07 41.39 343
8.25 46.51 374
8.73 48.17 375
8.27 52.49 374
8.61 58.84 377
6.19 63.24 376
6.18 66.23 376
7.52 73.98 376
12.21 3.56 377
12.71 3.21 375
13.07 2.34 376
12.68 8.17 341
12.94 8.64 376
12.7 13.89 374
11.52 12.45 342
12.08 12.28 342
11.76 18.85 341
11.97 17.14 341
11.27 22.33 374
13.15 27.48 377
11.04 27.69 377
11.23 31.22 342
11.84 33.63 341
12.1 36.39 341
12.22 37.64 375
11.48 38.94 343
12.31 43.81 343
12.12 47.03 341
12.92 48.48 342
12.94 53.3 341
13.51 52.63 375
11.84 52.36 342
11.39 57.59 341
13.99 58.56 377
13.06 61.66 343
11.89 63.56 376
11.2 63.23 342
12.49 66.94 343
13.91 67.13 374
12.06 66.11 342
12.86 72.81 377
11.76 73.86 376
18.68 1.91 376
16.75 7.29 374
16.96 12.62 375
17.16 13.84 342
18.99 17.39 375
16.15 23.8 343
18.96 26.88 342
16.88 27.86 374
17.62 26.82 375
18.18 31.7 342
18.33 33.98 343
17.57 36.55 375
16.98 41.94 376
18.04 43.17 376
17.52 43.07 377
17.12 46.53 377
16.19 47.2 343
16.38 53.84 374
16.49 56.93 374
17.18 57.75 342
18.65 57.8 342
18.41 62.99 342
18.73 63.99 342
17.58 62.66 374
16.75 67.41 374
16.16 66.64 376
18.79 72.88 343
18.61 72.01 342
17.48 72.95 375
21.55 2.96 377
22.07 6.16 342
21.35 7.69 343
22.5 8.81 377
23.24 12.61 375
21.04 17.46 376
22.47 22.83 376
22.6 23.94 376
23.46 28.56 376
22.33 28.4 341
22.87 26.56 374
22.11 32.9 377
21.52 31.43 375
22.89 37.25 343
23.29 38.35 376
23.37 37.77 342
21.86 41.09 375
22.11 41.87 343
21.86 46.56 376
22.06 53.29 376
21.63 56.66 341
22.47 57.61 375
21.47 57.83 343
22.77 61.99 341
22.09 67.4 342
21.03 67.38 377
23.81 72.08 376
23.67 73.96 376
21.58 71.77 374
27.53 3.43 341
27.44 2.33 341
26.59 6.0 376
26.0 8.48 341
28.32 7.84 375
26.52 12.02 375
27.35 17.71 341
27.69 22.96 374
27.54 28.38 375
28.12 26.0 377
27.13 26.49 374
27.58 33.61 343
26.61 33.05 375
26.03 32.99 377
28.03 37.58 342
28.55 36.83 342
27.76 36.2 341
26.05 42.15 341
28.63 43.04 343
26.94 46.88 376
27.9 46.04 375
27.53 51.52 376
26.89 56.29 377
27.55 63.76 376
27.43 63.17 341
28.78 61.99 341
28.49 66.0 341
28.57 67.04 342
27.72 73.71 342
33.2 3.7 377
31.34 3.23 341
32.88 3.04 343
33.75 8.2 342
32.04 6.23 375
32.91 11.86 376
33.0 12.49 375
31.37 18.4 342
32.84 18.5 376
31.23 22.78 341
32.09 21.52 343
31.28 27.89 374
33.35 26.55 343
31.33 31.32 376
31.87 31.79 374
31.46 37.74 374
31.7 36.29 375
31.47 42.73 342
32.72 41.58 343
32.06 46.75 376
33.41 53.97 375
32.44 52.82 342
31.81 57.64 376
33.77 57.67 374
32.31 58.01 377
32.2 63.88 342
32.91 61.69 374
33.46 67.78 342
33.7 72.72 341
31.59 71.62 343
33.43 73.34 342
37.57 3.42 374
37.31 6.76 376
38.97 13.53 342
38.84 16.41 343
36.07 22.97 375
36.45 21.51 343
37.19 21.1 377
36.71 28.39 377
37.79 27.91 377
38.89 27.37 341
38.02 31.5 342
38.16 37.42 342
38.05 36.8 343
37.59 38.85 343
37.05 41.63 375
38.27 46.68 374
36.66 47.1 341
38.45 52.0 341
38.29 53.57 342
36.38 51.19 377
36.43 58.82 377
37.1 56.85 376
38.56 61.98 375
38.35 63.94 343
36.01 67.87 342
37.37 72.24 342
43.99 3.46 343
41.55 7.85 377
42.7 12.52 342
42.19 11.06 341
41.0 16.78 342
43.84 22.15 374
43.26 27.99 375
42.51 27.21 374
42.15 33.25 343
43.71 32.63 342
42.87 36.65 341
43.6 43.84 343
43.88 43.42 377
43.47 42.11 374
43.26 48.47 375
41.07 46.61 374
41.37 52.06 342
43.91 58.15 377
43.68 56.99 375
43.4 57.53 376
41.56 61.0 341
41.88 61.87 377
42.67 63.22 343
42.94 66.85 343
43.26 68.38 374
41.55 71.25 375
43.19 74.0 376
46.16 12.83 377
47.47 13.29 342
46.38 16.52 376
47.81 17.26 343
47.44 16.8 377
47.57 23.05 343
46.68 21.19 374
47.79 26.13 342
46.78 28.37 375
47.28 32.94 341
46.65 37.21 377
46.34 38.2 374
47.71 42.11 342
47.28 46.67 342
48.39 48.82 341
47.82 52.56 374
47.02 52.67 342
48.0 58.47 342
47.69 58.98 341
47.05 59.0 375
48.1 62.38 376
46.38 61.98 342
