19 3 1
9 4 1
16 15 1
16 13 1
4 36 0
1 33 0
14 21 0
15 29 0
13 59 0
2 56 0
8 53 0
14 46 0
12 58 0
12 43 0
15 57 0
12 75 0
9 78 0
1 73 0
17 65 0
17 78 0
7 74 0
2 76 0
10 93 1
11 94 1
7 89 1
29 17 0
27 14 0
21 8 0
22 30 0
23 23 0
30 30 0
26 34 0
25 51 0
34 47 0
29 44 0
33 58 0
32 58 0
36 58 0
28 43 0
30 79 0
38 64 0
35 69 0
24 62 0
30 61 0
26 98 0
27 90 0
27 88 0
32 83 0
29 83 0
46 6 0
45 5 0
51 10 0
44 17 0
50 5 0
47 5 0
58 2 0
59 33 0
46 23 0
48 36 0
41 26 0
57 31 0
57 35 0
57 59 0
53 46 0
45 49 0
54 47 0
59 42 0
56 53 0
52 53 0
45 76 0
47 64 0
54 78 0
54 64 0
50 69 0
48 73 0
59 90 0
54 97 0
52 97 0
51 81 0
44 95 0
74 5 0
73 9 0
66 3 0
69 32 0
68 33 0
78 33 0
66 36 0
69 31 0
68 29 0
68 21 0
75 51 0
69 44 0
66 44 0
68 53 0
68 56 0
75 53 0
66 48 0
70 67 0
73 66 0
65 61 0
61 73 0
65 78 0
62 79 0
73 69 0
66 92 0
74 98 0
77 82 0
72 98 0
67 98 0
74 83 0
69 83 0
97 9 1
83 9 1
91 3 1
82 33 0
82 29 0
91 25 0
89 33 0
84 30 0
98 59 0
97 58 0
81 50 0
86 47 0
92 53 0
97 51 0
84 54 0
83 79 0
82 65 0
82 77 0
96 79 0
89 68 0
99 71 0
96 90 1
88 87 1
96 88 1
94 95 1
92 98 1
