2 5 0
2 8 0
8 8 0
7 4 0
1 11 0
9 11 0
7 14 0
7 23 0
3 29 0
4 21 0
4 29 0
9 24 0
7 29 0
6 26 0
8 31 0
4 33 0
9 33 0
2 39 0
5 31 0
4 41 0
7 43 0
1 43 0
3 53 0
9 54 0
5 56 0
9 55 0
9 62 0
8 65 0
2 61 0
5 61 0
1 62 0
7 62 0
1 64 0
4 75 0
4 74 0
6 72 0
5 72 0
8 72 0
6 74 0
7 75 0
9 82 0
2 81 0
1 85 0
6 88 0
8 83 0
3 94 0
3 99 0
1 96 0
9 94 0
3 95 0
13 3 0
13 5 0
15 7 0
17 3 0
12 4 0
18 1 0
13 9 0
15 15 0
15 19 0
16 13 0
18 12 0
19 23 0
19 21 0
19 22 0
15 22 0
13 22 0
18 24 0
13 32 0
19 36 0
15 37 0
11 32 0
18 38 0
17 47 0
16 42 0
18 44 0
15 41 0
17 43 0
17 45 0
13 42 0
15 56 0
14 57 0
19 57 0
13 58 0
14 55 0
14 51 0
17 56 0
18 66 0
15 62 0
13 62 0
14 67 0
14 68 0
18 67 0
13 64 0
18 76 0
17 75 0
14 77 0
18 87 0
16 85 0
15 84 0
14 81 0
11 92 0
19 98 0
19 96 0
27 8 0
22 3 0
28 9 0
29 9 0
29 1 0
25 3 0
24 6 0
27 15 0
28 16 0
29 19 0
23 11 0
23 15 0
28 24 0
27 28 0
26 29 0
24 28 0
22 25 0
27 24 0
21 29 0
21 37 0
21 36 0
27 37 0
25 31 0
22 32 0
28 42 0
28 46 0
23 47 0
23 41 0
23 45 0
26 43 0
21 52 0
27 51 0
29 54 0
29 57 0
23 63 0
28 69 0
23 61 0
29 66 0
29 63 0
22 75 0
26 74 0
25 79 0
29 86 0
22 86 0
23 85 0
28 93 0
27 92 0
26 92 0
29 96 0
29 99 0
35 6 0
38 4 0
34 2 0
39 6 0
33 2 0
31 6 0
37 6 0
36 14 0
38 18 0
36 18 0
34 17 0
38 17 0
34 27 0
33 23 0
36 24 0
32 29 0
39 23 0
33 27 0
31 29 0
35 33 0
32 36 0
36 33 0
35 35 0
35 36 0
37 35 0
38 31 0
37 43 0
33 49 0
39 42 0
34 47 0
33 45 0
36 43 0
32 57 0
34 54 0
39 59 0
32 63 0
33 69 0
31 68 0
34 67 0
39 66 0
34 62 0
39 76 0
34 74 0
36 72 0
36 71 0
38 71 0
33 73 0
35 82 0
36 87 0
37 89 0
31 82 0
31 89 0
36 86 0
36 89 0
34 93 0
33 92 0
37 96 0
39 97 0
36 96 0
44 4 0
42 5 0
48 1 0
49 5 0
44 9 0
47 13 0
44 14 0
42 13 0
49 12 0
45 18 0
44 11 0
46 18 0
42 29 0
43 21 0
49 24 0
44 28 0
48 38 0
43 35 0
49 35 0
47 39 0
45 35 0
45 31 0
41 38 0
44 47 0
44 41 0
44 44 0
46 52 0
45 59 0
45 57 0
41 55 0
42 58 0
42 59 0
41 61 0
49 64 0
48 64 0
45 65 0
49 69 0
44 75 0
45 79 0
47 74 0
46 86 0
47 88 0
49 81 0
46 83 0
45 83 0
45 94 0
41 94 0
45 96 0
59 7 0
58 9 0
58 3 0
59 6 0
54 7 0
52 5 0
54 4 0
54 16 0
58 19 0
51 11 0
54 26 0
55 25 0
55 28 0
57 21 0
55 23 0
53 38 0
57 31 0
57 39 0
59 38 0
53 36 0
51 36 0
56 38 0
56 43 0
58 48 0
51 44 0
51 48 0
53 49 0
54 47 0
58 42 0
53 58 0
58 59 0
58 56 0
54 51 0
52 52 0
52 59 0
57 53 0
52 67 0
51 68 0
55 67 0
58 66 0
59 62 0
53 76 0
59 76 0
55 77 0
51 77 0
58 78 0
55 75 0
56 87 0
57 83 0
51 87 0
56 84 0
59 99 0
55 94 0
54 93 0
53 99 0
53 93 0
66 3 0
65 6 0
62 7 0
68 1 0
64 17 0
68 18 0
62 11 0
68 23 0
69 26 0
61 26 0
62 24 0
62 27 0
63 21 0
66 23 0
68 32 0
62 34 0
66 32 0
62 36 0
62 32 0
61 45 0
69 43 0
68 48 0
65 43 0
66 49 0
67 47 0
69 47 0
68 52 0
68 59 0
66 51 0
64 53 0
61 52 0
64 62 0
65 61 0
61 67 0
65 68 0
67 67 0
62 63 0
64 61 0
69 76 0
62 74 0
64 78 0
62 73 0
62 85 0
61 86 0
61 82 0
62 81 0
65 86 0
65 82 0
61 93 0
68 97 0
69 92 0
64 91 0
64 95 0
64 99 0
71 3 0
76 2 0
79 9 0
79 11 0
76 13 0
74 16 0
77 11 0
78 28 0
79 26 0
77 24 0
78 25 0
77 26 0
77 22 0
73 26 0
75 39 0
76 33 0
73 37 0
73 41 0
77 44 0
75 49 0
78 44 0
71 47 0
77 47 0
79 47 0
78 57 0
79 57 0
75 54 0
76 59 0
79 59 0
77 65 0
72 64 0
78 69 0
76 67 0
77 67 0
75 63 0
79 74 0
78 74 0
76 79 0
73 81 0
77 81 0
75 86 0
71 88 0
76 81 0
78 91 0
75 93 0
75 97 0
75 92 0
75 91 0
72 92 0
87 9 0
83 6 0
89 2 0
81 1 0
85 2 0
82 15 0
81 19 0
85 19 0
86 14 0
84 14 0
84 17 0
83 24 0
85 26 0
86 26 0
85 23 0
87 36 0
86 34 0
82 31 0
84 49 1
88 45 1
87 47 1
81 42 1
87 43 1
84 48 1
87 48 1
87 53 1
88 54 1
85 59 1
85 65 0
83 65 0
89 65 0
87 71 0
82 74 0
86 71 0
89 75 0
86 89 0
87 84 0
89 82 0
81 86 0
81 88 0
81 83 0
85 84 0
88 93 0
85 99 0
84 93 0
92 3 0
97 9 0
91 4 0
97 1 0
94 17 0
95 15 0
94 15 0
97 11 0
91 13 0
98 17 0
95 16 0
97 27 0
96 28 0
94 27 0
97 25 0
92 22 0
93 26 0
99 34 0
94 33 0
92 35 0
96 44 1
98 49 1
97 46 1
93 41 1
91 46 1
98 43 1
96 56 1
93 58 1
94 59 1
98 59 1
95 54 1
93 54 1
92 62 0
94 67 0
99 64 0
95 68 0
91 67 0
99 71 0
97 73 0
91 79 0
98 78 0
94 81 0
99 87 0
94 88 0
94 83 0
94 84 0
91 93 0
96 96 0
98 94 0
97 98 0
92 97 0
96 91 0
95 94 0
