1.31 6.05 440
6.82 7.24 495
3.96 17.36 445
6.9 12.66 438
2.89 13.78 442
8.33 11.9 488
8.15 14.22 486
6.99 25.73 446
4.49 25.88 490
4.49 21.98 439
6.56 24.29 487
5.61 23.16 441
8.01 33.37 447
3.51 37.16 488
3.29 34.06 445
8.84 37.81 445
7.54 33.03 491
1.97 34.75 493
6.81 38.29 488
8.18 43.56 493
3.44 46.69 446
6.86 44.38 438
3.16 42.02 438
4.38 44.88 442
7.87 57.37 490
7.13 57.91 442
5.84 54.48 486
7.35 55.27 440
8.33 61.05 494
1.0 68.14 445
5.62 65.47 492
5.94 77.01 495
5.96 75.25 492
4.82 81.96 442
6.69 86.61 442
1.84 98.72 487
8.98 95.26 442
4.14 92.01 494
4.84 94.37 485
2.06 95.84 444
17.22 5.97 442
18.71 5.96 442
12.43 6.54 494
14.18 7.86 441
18.62 13.61 442
13.43 13.08 439
16.01 21.22 494
16.48 22.46 446
18.31 25.09 446
16.49 27.74 486
15.94 24.7 438
15.44 35.07 442
16.34 34.73 438
17.18 35.32 440
12.01 34.94 489
14.15 47.28 488
14.86 46.13 487
15.45 45.59 447
18.47 45.77 496
12.84 43.29 442
11.86 45.77 487
16.29 52.6 488
17.34 52.97 486
15.0 52.19 489
18.13 55.67 486
12.79 52.28 447
15.22 65.42 490
13.37 64.96 443
14.18 63.96 446
17.3 73.92 438
15.4 75.72 447
11.42 73.97 445
18.09 82.67 439
14.58 88.65 490
18.64 83.21 439
17.25 83.95 438
17.1 83.13 440
15.69 81.65 494
14.06 92.48 489
17.18 97.97 438
27.18 4.56 495
25.48 7.76 445
25.71 1.03 442
26.83 6.89 487
21.89 4.95 494
24.06 17.42 487
24.33 15.43 445
26.39 12.5 493
22.74 18.52 494
25.2 12.58 446
25.45 11.34 443
27.47 13.93 444
21.06 27.74 443
28.61 25.51 440
25.36 27.76 485
22.54 28.45 486
24.26 26.35 440
24.88 38.91 441
24.1 33.68 492
25.85 46.05 445
21.16 48.0 444
27.71 44.67 485
26.43 44.54 492
24.99 41.33 492
26.22 41.62 489
24.45 53.05 440
24.29 54.94 488
25.71 51.8 493
23.6 51.03 486
28.35 64.06 443
21.81 63.73 443
26.35 64.08 494
23.55 66.5 441
24.55 67.56 486
24.64 61.96 443
22.51 61.94 496
25.15 75.0 490
26.19 77.71 494
25.78 86.79 440
26.85 83.63 489
27.84 85.15 488
23.6 87.67 444
26.13 85.4 440
25.68 98.85 440
25.67 95.48 496
21.82 92.42 495
25.56 93.63 446
22.93 94.74 485
25.13 94.86 487
27.94 94.33 486
35.45 7.53 493
32.96 3.69 485
32.21 3.22 488
36.47 5.15 491
34.85 15.65 494
32.39 16.14 494
36.64 15.98 495
33.92 14.36 440
33.86 18.94 444
33.51 13.4 488
35.25 24.84 486
34.89 23.38 491
35.16 28.64 490
37.3 33.61 486
31.27 33.94 441
34.44 34.03 489
37.68 41.7 485
38.11 41.18 438
36.82 44.29 445
35.56 57.16 447
32.14 58.14 488
36.78 54.87 496
34.28 56.63 496
34.32 51.33 442
33.49 65.95 444
37.55 65.01 446
35.73 76.64 491
38.73 78.39 494
35.21 73.24 439
37.34 72.46 443
32.06 88.19 493
32.49 87.72 447
37.22 94.03 439
37.07 93.41 496
35.81 91.54 441
34.71 96.78 446
44.23 5.41 495
44.88 8.24 493
45.1 11.47 441
47.89 17.65 443
46.94 14.26 495
46.93 16.21 492
47.55 23.02 489
47.2 27.08 493
42.21 25.21 445
48.13 26.71 489
45.84 35.69 488
48.79 37.07 439
48.63 35.99 442
44.19 37.38 490
45.18 37.28 486
46.86 48.05 491
44.76 42.39 447
41.82 44.91 487
45.64 54.22 440
44.66 53.38 493
46.07 57.39 488
46.33 63.89 442
47.65 62.91 496
41.34 62.67 491
42.14 61.43 445
45.97 75.4 488
45.89 76.16 490
48.7 72.13 440
41.95 76.77 493
46.46 76.43 486
47.35 76.94 492
45.07 76.52 491
42.9 86.17 443
48.94 83.42 439
44.87 86.15 444
45.19 84.24 444
43.0 95.4 438
45.25 98.15 486
46.39 94.06 445
41.52 96.98 445
42.21 95.48 491
42.28 94.65 491
58.39 4.26 495
56.9 1.6 488
55.92 7.24 492
55.6 19.0 488
53.07 11.95 443
55.99 17.26 445
54.68 15.17 438
56.63 22.42 445
56.68 27.17 491
51.95 23.42 492
52.53 28.11 439
56.94 24.64 495
56.13 23.61 442
51.72 27.85 492
55.61 35.63 440
57.65 35.77 438
58.07 38.5 442
52.23 46.23 492
55.77 41.9 446
58.5 45.93 445
55.85 48.71 486
58.69 58.09 485
53.42 55.97 442
58.17 51.64 441
55.42 53.37 446
54.56 55.36 488
55.37 64.59 486
53.73 65.65 494
53.12 67.85 439
53.81 77.17 492
58.09 74.03 439
57.44 72.0 496
56.1 76.51 489
58.34 74.74 439
52.82 77.58 495
56.28 75.68 485
52.13 88.71 447
53.16 82.18 447
56.03 82.42 496
53.56 96.73 487
56.92 96.14 447
63.26 6.43 487
67.26 7.46 490
61.62 4.82 447
66.75 1.41 496
61.22 5.64 441
65.53 7.49 493
65.7 13.08 496
68.34 15.53 495
64.6 13.72 438
67.31 25.81 441
64.49 22.99 488
64.63 22.37 440
66.9 36.55 444
62.74 31.26 441
61.02 43.12 495
68.74 41.97 438
61.43 41.54 445
67.47 44.92 490
63.58 45.35 440
63.04 53.29 444
62.82 52.37 485
64.64 66.19 444
65.22 62.42 447
61.98 61.36 447
66.12 64.41 489
62.84 64.46 489
64.34 64.95 492
67.87 65.5 493
65.04 78.86 491
65.36 74.52 444
61.1 77.12 489
66.5 75.85 487
67.87 76.71 440
63.9 83.04 438
66.38 84.23 440
66.92 81.53 447
67.27 83.14 494
61.28 87.12 489
67.08 87.95 444
68.39 94.15 447
65.26 91.34 488
63.23 97.76 443
62.99 93.83 495
64.41 97.87 494
68.98 96.68 496
76.35 2.97 487
73.04 5.97 487
74.68 2.29 489
77.59 8.41 445
77.45 13.17 445
77.88 12.15 490
76.23 14.83 438
78.13 17.42 447
74.87 15.1 446
76.14 23.12 490
74.08 24.86 490
72.02 35.4 486
78.46 34.38 441
75.47 34.23 493
71.67 37.09 496
75.8 34.69 441
77.01 33.57 444
76.15 37.09 489
72.99 46.23 487
72.55 44.39 444
74.53 45.54 488
78.99 48.77 439
74.55 55.9 443
77.74 51.71 496
73.81 53.19 487
78.24 66.74 488
72.61 61.81 486
77.37 66.07 491
76.9 75.2 442
74.85 75.16 440
76.07 72.66 491
77.07 78.22 443
73.99 78.46 439
78.78 76.53 493
78.25 71.25 444
72.5 82.82 491
71.66 83.71 492
78.77 84.51 489
75.69 83.21 495
74.74 83.51 447
72.06 84.18 447
77.7 92.06 490
77.56 97.72 442
78.3 94.87 438
78.41 92.46 489
76.78 95.77 488
81.58 6.38 496
82.47 8.72 496
87.24 5.82 493
82.24 3.17 486
83.01 3.29 488
85.96 15.01 486
86.22 12.45 444
87.16 14.84 446
86.3 16.86 444
83.84 28.62 496
84.34 24.07 489
84.77 35.97 493
81.88 33.61 490
86.61 38.38 446
87.55 32.17 496
83.02 33.31 494
84.56 66.73 488
85.88 63.39 447
82.5 66.56 446
85.71 62.78 489
87.04 63.42 440
84.76 71.73 441
82.72 74.76 485
83.33 87.98 489
83.65 83.9 496
85.37 82.09 496
88.93 88.76 447
83.71 84.56 491
83.99 98.98 445
82.91 94.71 491
95.99 7.55 485
93.36 5.53 445
91.04 6.17 442
94.02 1.61 443
92.25 1.26 446
92.66 5.29 445
92.69 6.55 488
95.44 12.62 438
94.52 18.07 496
92.63 16.24 488
98.17 11.57 487
93.69 12.8 445
98.34 22.88 442
97.84 25.75 440
96.19 22.85 440
94.0 25.85 443
94.12 35.75 489
97.25 32.9 494
92.5 31.88 487
96.07 31.57 445
98.53 32.18 447
92.61 32.51 494
98.2 63.08 487
93.04 66.12 446
91.1 63.76 438
95.42 77.18 447
95.91 72.57 442
95.64 71.19 441
97.16 75.61 488
96.33 87.66 447
97.88 82.14 496
96.3 85.64 447
93.04 88.78 488
98.03 83.78 492
97.73 87.36 439
93.32 94.41 496
96.13 93.78 496
94.52 95.63 442
98.45 96.28 441
91.28 94.13 443
94.16 91.44 491
