1 3 0
4 6 0
4 8 0
4 11 0
2 17 0
4 16 0
3 24 0
2 23 0
2 29 0
2 26 0
4 28 0
3 34 0
2 31 0
1 31 0
3 38 0
3 44 0
4 42 0
3 49 0
4 46 0
6 4 0
9 4 0
8 7 0
6 9 0
8 9 0
9 13 0
8 11 0
7 11 0
8 19 0
9 23 0
6 23 0
6 22 0
8 29 0
8 28 0
8 26 0
7 31 0
7 33 0
7 36 0
6 39 0
9 44 0
6 44 0
8 48 0
9 47 0
9 48 0
12 1 0
12 3 0
11 6 0
13 13 0
11 14 0
14 16 0
11 23 0
14 27 0
12 27 0
13 32 0
12 37 0
14 44 0
13 41 0
14 41 0
11 47 0
11 48 0
19 3 0
16 3 0
18 4 0
16 6 0
16 12 0
19 12 0
18 13 0
18 18 0
18 23 0
18 21 0
19 23 0
16 29 0
19 33 0
19 34 0
18 31 0
19 38 0
19 39 0
17 37 0
19 43 0
18 47 0
23 4 0
22 6 0
23 13 0
22 16 0
24 21 0
21 22 0
24 24 0
23 27 0
22 29 0
23 29 0
22 33 0
23 34 0
24 37 0
23 39 0
21 38 0
21 43 0
21 42 0
23 49 0
22 49 0
29 2 0
29 9 0
29 12 0
26 14 0
27 12 0
29 17 0
29 18 0
28 17 0
27 23 0
28 22 0
26 21 0
27 26 0
26 31 0
26 34 0
28 36 0
26 37 0
28 41 0
27 46 0
27 47 0
26 48 0
31 1 0
34 1 0
31 7 0
34 9 0
31 14 0
31 16 0
32 22 0
33 24 0
32 27 0
34 34 0
31 37 0
33 36 0
32 38 0
34 43 0
32 43 0
31 47 0
33 49 0
36 4 0
36 6 0
38 9 0
38 13 0
36 13 0
37 17 0
39 18 0
38 21 0
37 29 0
39 26 0
37 34 0
38 32 0
38 39 0
36 39 0
37 44 0
36 44 0
39 46 0
41 3 0
41 9 0
44 12 0
42 14 0
43 14 0
43 18 0
41 18 0
43 16 0
43 22 1
42 24 1
43 26 1
42 26 1
44 31 0
42 34 0
44 39 0
41 37 0
44 41 0
41 41 0
44 44 0
42 48 0
46 1 0
47 1 0
49 6 0
47 6 0
48 14 0
46 19 0
47 18 0
47 24 1
48 21 1
49 24 1
47 26 1
46 32 0
47 33 0
46 34 0
48 38 0
48 37 0
46 41 0
47 44 0
46 42 0
47 47 0
46 47 0
47 48 0
