6.27 8.77 38
4.82 5.46 38
5.75 7.22 46
6.43 4.79 37
7.8 3.42 36
3.13 7.98 48
3.77 4.77 37
6.04 15.34 48
3.7 13.96 48
3.78 16.62 38
5.37 16.23 36
5.58 14.23 36
5.93 11.29 37
8.06 11.88 46
3.35 21.71 38
1.7 21.25 46
1.73 28.6 36
2.1 28.2 37
11.15 2.01 36
14.6 4.54 36
13.58 3.43 47
17.24 8.42 36
14.91 2.36 37
16.14 16.87 48
15.01 12.31 36
18.79 14.2 46
17.74 14.77 48
14.08 11.48 47
18.34 11.92 48
16.25 24.31 47
13.29 23.18 46
13.68 21.15 38
16.14 23.14 48
26.09 1.71 38
23.66 1.74 36
21.52 2.15 47
24.0 8.14 48
24.58 2.77 37
21.04 2.4 36
28.24 13.23 37
24.68 12.44 46
25.64 12.6 37
25.82 16.85 46
22.85 14.46 46
21.53 17.75 46
21.89 25.6 37
21.46 22.49 37
23.69 28.29 37
23.49 26.54 38
24.07 25.03 46
24.48 21.46 47
22.16 27.17 47
32.89 2.69 46
32.61 4.17 37
32.67 5.05 46
32.01 4.94 48
32.93 3.73 38
31.83 3.98 38
31.4 25.1 46
34.59 27.4 47
47.85 5.96 36
41.83 5.65 37
48.39 23.28 36
43.29 24.6 36
44.34 24.97 36
46.0 25.19 36
