1.33 1.67 162
2.82 7.24 183
2.55 8.87 180
2.04 12.34 181
1.99 11.53 164
3.14 16.52 163
2.92 17.53 163
3.58 17.62 164
2.54 16.03 182
1.68 21.39 162
2.42 26.99 181
1.18 28.2 163
2.93 27.97 161
1.86 27.38 161
2.46 32.27 180
3.84 32.48 161
3.49 37.07 183
1.93 36.27 182
2.86 36.92 164
3.98 43.26 162
1.45 48.34 181
1.43 46.08 181
1.57 47.5 180
2.18 46.32 163
8.15 1.44 180
8.91 1.31 180
7.43 3.37 183
6.47 6.74 181
6.79 6.28 182
6.77 13.03 162
7.05 12.24 161
8.73 18.03 162
6.88 23.9 162
6.47 27.62 180
6.14 33.57 182
8.29 31.98 182
7.0 37.89 181
7.96 43.31 181
7.8 46.73 162
6.48 47.73 163
7.24 46.25 183
7.1 48.48 182
11.15 4.0 164
13.92 2.29 180
11.05 2.25 182
11.87 6.78 181
13.07 11.52 180
11.61 11.22 163
12.02 13.65 161
12.32 11.89 162
13.53 18.62 162
12.98 17.24 183
12.83 22.12 162
11.41 23.98 183
12.15 22.25 181
13.35 28.02 180
13.88 28.38 162
13.11 26.27 181
12.13 28.39 182
13.88 31.24 162
12.58 38.62 163
12.63 41.99 183
13.44 48.48 162
16.74 1.62 183
18.3 6.51 181
16.34 13.67 162
17.8 11.6 181
17.39 12.06 162
16.82 18.53 162
16.56 17.44 164
16.6 21.18 183
17.16 21.99 164
16.7 23.23 183
16.35 21.78 181
16.27 27.33 161
17.08 28.1 163
16.79 33.49 161
16.2 33.8 161
17.57 38.56 182
18.27 36.16 181
17.48 42.94 180
16.93 41.78 164
18.01 41.87 181
16.51 46.12 163
18.84 48.36 162
21.39 2.59 164
23.99 3.56 161
21.41 3.88 163
22.31 7.59 181
22.71 8.23 182
21.33 6.96 180
21.69 13.59 164
22.23 11.76 163
23.82 11.52 164
22.5 18.54 182
22.75 21.33 163
22.43 22.07 163
23.06 22.11 164
22.02 27.4 183
23.77 27.97 163
22.27 31.8 180
22.1 37.81 181
22.07 37.22 163
23.03 37.88 181
22.47 43.67 180
22.39 41.33 164
21.37 48.1 164
22.37 47.09 163
21.24 46.91 180
27.57 1.55 161
26.98 1.91 163
26.81 3.14 163
28.59 7.57 161
26.24 6.43 182
27.5 7.88 161
26.12 12.81 181
27.04 16.12 183
28.1 18.76 163
26.97 16.88 182
27.41 18.59 164
28.36 23.49 163
26.44 27.43 181
26.24 28.8 163
28.92 26.1 162
26.76 32.71 180
28.59 37.28 181
27.47 38.99 181
26.88 41.55 161
26.93 48.59 180
28.31 48.54 163
33.17 3.04 183
33.23 3.79 161
31.62 3.72 183
32.74 7.15 182
32.13 8.67 162
32.35 7.74 161
31.57 12.67 161
33.22 13.79 161
32.07 11.16 161
33.01 18.07 161
33.12 17.22 164
33.23 16.0 181
32.44 18.12 164
31.81 23.63 183
31.22 21.23 161
31.75 23.09 161
32.9 26.53 164
31.83 28.37 180
33.07 27.48 164
33.47 27.83 163
31.97 32.25 164
32.81 33.06 164
32.25 32.72 181
32.29 36.78 164
33.89 37.25 163
31.86 36.3 162
32.97 38.54 181
31.48 41.99 163
32.94 41.88 183
31.19 43.77 183
33.47 41.61 161
33.46 48.06 183
32.95 47.28 162
31.7 48.71 161
38.86 2.51 183
36.55 2.6 181
37.81 3.08 181
36.88 8.52 181
36.4 7.58 182
36.37 8.22 163
38.05 7.2 162
36.32 11.64 162
37.59 16.0 183
36.34 18.93 181
38.62 16.1 163
37.35 22.71 162
38.86 22.19 182
38.85 22.88 161
36.54 21.97 183
36.13 28.49 161
36.78 27.1 163
36.03 32.99 180
38.54 32.87 180
37.39 32.81 180
37.05 38.65 161
36.48 38.06 183
36.06 36.75 183
37.9 36.04 161
37.53 41.52 163
36.08 41.23 161
37.89 42.29 183
36.26 42.02 182
38.37 47.46 161
38.55 48.76 164
36.76 46.0 162
42.13 2.33 182
42.78 3.99 161
43.7 2.57 180
42.57 1.04 161
42.72 8.71 161
42.87 11.41 164
41.47 11.22 182
42.4 12.34 180
42.34 18.9 181
42.23 16.68 161
41.29 16.23 164
41.82 17.22 182
43.53 32.88 164
41.28 38.68 183
41.85 43.13 161
43.0 42.49 163
43.64 42.9 180
41.11 46.77 161
42.29 46.83 162
46.62 2.06 182
48.01 2.47 162
47.33 3.75 161
46.13 7.51 183
48.16 8.99 183
46.69 7.33 163
48.68 8.68 162
47.67 12.64 183
48.52 17.21 180
48.5 17.81 163
48.43 16.26 161
48.29 18.49 162
48.34 33.08 183
47.81 31.64 162
48.59 33.55 163
47.75 33.79 181
48.88 38.58 183
46.83 36.88 163
46.86 37.4 183
47.13 42.02 181
47.94 42.56 180
48.61 48.87 180
