1 3 0
1 4 0
1 7 0
4 9 0
2 8 0
2 7 0
1 14 0
2 11 0
3 18 0
1 18 0
2 19 0
1 22 0
1 23 0
3 23 0
1 24 0
1 29 0
3 27 0
3 29 0
1 26 0
3 34 0
1 34 0
4 32 0
1 39 0
3 37 0
3 42 0
4 44 0
1 46 0
3 48 0
2 52 0
1 59 0
4 56 0
3 59 0
1 57 0
3 64 0
2 64 0
2 63 0
2 67 0
3 69 0
4 68 0
1 71 0
2 74 0
3 72 0
6 4 0
9 4 0
8 2 0
6 1 0
8 6 0
8 13 0
6 14 0
9 14 0
8 14 0
9 16 0
8 22 0
7 21 0
7 28 0
9 26 0
9 32 0
6 33 0
9 33 0
9 39 0
7 38 0
8 39 0
8 38 0
9 43 0
7 41 0
6 42 0
6 46 0
7 49 0
7 48 0
7 52 0
7 56 0
6 57 0
9 62 0
7 62 0
8 67 0
8 71 0
7 71 0
12 2 0
11 3 0
11 9 0
11 11 0
13 17 0
14 19 0
12 21 0
11 21 0
11 24 0
12 26 0
11 26 0
12 29 0
14 31 0
13 37 0
13 39 0
13 41 0
11 49 0
11 47 0
14 49 0
12 49 0
11 51 0
13 59 0
14 64 0
11 62 0
12 61 0
13 63 0
11 68 0
12 69 0
13 68 0
12 72 0
14 73 0
14 72 0
19 3 0
17 2 0
16 3 0
18 4 0
18 7 0
16 14 0
16 13 0
16 19 0
17 17 0
18 21 0
18 28 0
16 29 0
17 29 0
16 26 0
16 34 0
16 38 0
19 37 0
18 41 0
17 48 0
17 49 0
16 46 0
18 46 0
18 51 0
18 53 0
16 58 0
16 64 0
16 63 0
19 62 0
17 64 0
19 66 0
19 67 0
17 69 0
16 73 0
23 4 0
21 2 0
24 4 0
21 9 0
24 11 0
24 14 0
23 11 0
23 17 0
21 19 0
21 16 0
22 18 0
21 22 0
21 29 0
21 33 0
24 34 0
21 34 0
24 31 0
24 36 0
22 36 0
21 37 0
23 41 0
23 44 0
24 44 0
21 44 0
23 46 0
23 47 0
21 48 0
21 53 0
21 54 0
24 53 0
24 59 0
23 59 0
21 59 0
23 56 0
22 63 0
24 62 0
23 63 0
23 61 0
21 66 0
23 71 0
21 73 0
22 73 0
29 2 0
29 7 0
28 9 0
26 7 0
29 14 0
29 13 0
28 16 0
26 24 0
28 21 0
26 23 0
27 24 0
26 27 0
29 29 0
28 27 0
26 31 0
28 32 0
27 39 0
29 38 0
26 37 0
29 42 0
27 41 0
27 44 0
28 49 0
28 48 0
26 49 0
27 48 0
27 54 0
26 54 0
29 51 0
28 53 0
26 58 0
28 58 0
27 61 0
29 64 0
28 61 0
26 62 0
27 69 0
28 69 0
26 74 0
32 2 0
34 3 0
33 2 0
33 1 0
32 8 0
34 11 0
31 12 0
34 14 0
32 17 0
31 24 0
33 28 0
31 29 0
33 29 0
34 29 0
34 31 0
34 33 0
32 34 0
34 34 0
34 37 0
32 44 0
31 46 0
32 51 0
31 53 0
32 54 0
34 59 0
33 57 0
32 59 0
31 59 0
32 61 0
31 63 0
31 64 0
33 66 0
32 74 0
32 73 0
38 1 0
39 7 0
39 6 0
36 11 0
38 11 0
38 12 0
37 13 0
38 18 0
39 18 0
37 24 0
39 22 0
38 23 0
39 24 0
36 27 0
37 31 0
39 31 0
37 36 0
37 38 0
39 38 0
36 43 0
39 42 0
36 48 0
36 54 0
37 54 0
38 51 0
37 52 0
36 56 0
39 59 0
36 57 0
39 58 0
36 63 0
37 64 0
37 61 0
39 67 0
38 68 0
39 72 0
37 74 0
38 71 0
42 1 0
43 2 0
42 3 0
44 6 0
44 9 0
43 6 0
44 12 0
43 14 0
44 14 0
41 12 0
42 18 0
42 16 0
44 19 0
43 18 0
41 22 0
42 22 0
44 21 0
41 28 0
41 32 0
42 32 0
42 39 0
42 36 0
41 38 0
41 37 0
43 41 0
42 44 0
41 43 0
42 42 0
42 49 0
41 48 0
43 52 0
41 51 0
43 51 0
42 54 0
42 57 0
43 56 0
43 59 0
41 58 0
43 62 0
44 64 0
44 67 0
42 74 0
43 72 0
43 73 0
44 71 0
47 1 1
47 9 1
48 8 1
48 11 0
46 11 0
47 11 0
46 14 0
46 18 0
49 16 0
49 17 0
47 18 0
49 21 0
49 23 0
46 23 0
49 26 0
48 34 0
48 31 0
49 32 0
46 32 0
48 36 0
47 39 0
47 36 0
46 43 0
47 48 0
47 54 0
49 58 0
46 59 0
49 56 0
49 57 0
46 63 0
47 64 0
47 63 0
47 61 0
47 67 1
48 69 1
46 73 1
46 72 1
