7.56 12.5 80
8.83 13.25 17
6.69 15.61 81
6.72 11.51 2
2.77 15.67 16
3.55 14.87 17
2.69 26.14 2
5.58 21.28 80
5.7 24.96 68
3.78 25.62 67
5.78 28.09 80
3.61 35.16 2
6.89 34.59 83
13.66 7.41 2
13.05 8.79 82
12.58 6.43 83
17.12 16.94 16
15.28 16.66 80
12.89 12.96 83
14.25 11.23 3
12.14 13.87 67
14.79 11.2 83
13.12 28.24 65
11.98 24.93 1
14.71 21.21 68
18.77 23.91 64
14.84 28.48 83
15.8 26.02 66
14.32 37.23 81
13.57 34.83 82
14.37 34.68 17
16.09 31.71 16
14.93 45.27 16
17.3 48.86 68
23.94 5.03 66
24.81 2.13 83
22.8 1.79 16
23.19 8.46 65
28.34 15.3 66
23.06 17.84 80
21.04 13.37 64
22.45 14.34 67
27.22 13.49 16
24.01 23.48 82
24.37 28.75 66
24.69 28.29 81
24.43 26.08 2
22.21 24.63 83
28.51 25.61 83
25.88 31.95 17
28.04 38.0 65
27.93 35.43 16
25.28 35.97 1
25.16 33.17 81
22.89 42.69 67
22.61 44.17 82
22.67 45.05 65
22.01 44.94 67
22.93 43.73 66
21.83 43.98 2
36.62 1.41 65
36.44 6.59 68
37.51 13.77 67
32.57 13.01 82
31.89 17.49 68
33.39 13.28 68
33.23 26.87 65
34.74 23.79 1
37.07 26.18 64
35.78 27.55 83
36.19 27.13 66
36.24 34.25 1
31.34 38.66 16
32.21 47.27 17
33.02 47.56 81
41.77 15.83 81
43.98 18.08 80
44.12 15.38 1
45.73 13.03 67
45.83 12.31 2
48.06 14.48 83
43.0 18.3 17
46.37 24.26 67
43.86 28.06 81
48.45 23.39 64
44.92 24.2 82
43.62 25.82 67
45.88 26.9 80
46.43 22.69 68
43.48 37.76 67
44.39 31.59 17
44.36 34.66 67
