2 5 0
2 8 0
1 19 0
4 18 0
8 19 0
4 16 0
4 25 0
5 28 0
9 27 0
1 28 0
4 27 0
7 33 0
3 39 0
4 31 0
4 39 0
9 34 0
6 48 0
1 44 0
3 49 0
3 42 0
9 45 0
5 52 0
3 56 0
4 65 0
2 65 0
9 64 0
7 61 0
16 7 0
11 5 0
13 4 0
12 2 0
15 5 0
14 18 0
12 17 0
15 19 0
18 11 0
16 17 0
13 29 0
14 25 0
12 37 0
12 39 0
14 32 0
12 41 0
14 44 0
17 43 0
12 48 0
14 56 0
16 68 0
17 66 0
17 62 0
12 66 0
18 62 0
25 1 0
26 3 0
26 5 0
24 6 0
21 11 0
29 24 0
23 25 0
27 29 0
29 38 0
21 37 0
26 33 0
25 38 0
23 43 0
25 45 0
27 47 0
23 42 0
24 48 0
24 56 0
28 58 0
26 63 0
29 64 0
25 65 0
25 69 0
28 62 0
37 6 0
37 9 0
33 9 0
31 9 0
33 12 0
34 25 0
33 39 0
36 38 0
37 32 0
34 37 0
35 49 0
37 46 0
38 42 0
34 55 1
31 57 1
33 57 1
35 53 1
31 66 1
47 9 0
45 3 0
48 5 0
45 14 0
49 14 0
44 16 0
45 26 0
44 27 0
49 27 0
43 28 0
44 25 0
45 38 0
49 33 0
49 48 0
46 45 0
42 43 0
42 44 0
41 57 0
43 61 1
45 62 1
47 62 1
44 61 1
48 63 1
54 8 0
57 6 0
55 5 0
59 11 0
56 19 0
57 19 0
54 19 0
57 12 0
57 24 0
56 32 0
57 36 0
53 32 0
51 35 0
59 36 0
53 47 0
54 55 0
54 63 0
64 5 0
67 19 0
69 17 0
65 18 0
65 13 0
69 18 0
61 26 0
67 27 0
65 21 0
62 22 0
61 27 0
62 32 0
63 34 0
61 32 0
65 33 0
68 42 0
63 53 0
65 54 0
67 59 0
61 59 0
66 68 0
64 66 0
63 63 0
68 69 0
