5.08 32.81 137
4.91 35.35 4
14.39 28.16 135
2.11 31.51 112
11.01 28.3 134
4.33 31.2 2
15.95 25.57 136
16.69 30.61 136
13.9 32.16 23
14.55 42.97 25
11.3 48.86 4
15.41 53.87 1
5.5 52.22 134
13.36 67.2 113
17.53 75.74 135
10.89 78.34 25
10.36 74.46 113
3.26 72.0 137
8.03 73.53 112
13.01 78.37 2
6.84 78.81 25
16.45 68.81 114
11.12 72.15 137
28.09 17.69 113
24.15 15.01 135
29.91 14.07 114
25.47 18.76 114
21.98 31.03 25
24.42 32.99 1
24.12 33.94 24
21.28 24.66 136
21.25 34.23 112
29.14 32.87 1
28.01 28.31 4
31.79 30.2 23
35.48 47.38 134
29.57 42.02 134
27.51 46.63 133
27.4 45.74 1
28.44 47.76 113
38.36 45.71 2
25.42 42.03 136
26.13 45.91 23
29.22 45.31 113
29.34 77.8 137
24.32 66.94 134
26.37 65.68 24
36.83 67.83 135
37.46 61.81 113
22.9 64.32 133
34.29 62.79 114
36.94 66.87 113
23.58 89.16 23
29.39 87.07 113
30.69 83.45 25
28.73 86.63 113
31.78 85.04 136
28.57 91.03 137
25.86 96.92 113
30.94 87.03 25
21.65 98.86 114
21.82 97.96 133
56.14 6.22 114
45.49 2.16 23
52.82 9.85 112
42.19 17.85 23
45.67 14.74 3
44.87 15.56 113
47.54 17.55 112
48.06 4.84 114
44.05 6.23 3
54.18 13.77 113
46.78 34.54 135
43.09 23.09 3
56.46 28.72 23
51.89 33.42 133
48.3 32.43 1
48.19 26.42 25
55.57 34.49 134
54.37 37.75 133
57.69 33.29 114
58.79 56.38 1
43.65 48.79 24
55.57 57.5 25
53.51 52.61 25
52.39 49.74 23
52.15 43.35 137
54.49 52.54 133
47.13 47.52 137
45.49 67.24 135
47.0 73.41 133
55.94 77.67 1
50.58 71.06 137
48.38 61.58 2
42.16 75.17 137
52.94 71.7 2
46.94 76.54 136
51.53 68.74 1
48.89 81.69 25
41.91 98.32 23
47.41 81.17 112
41.44 92.07 23
53.34 94.73 135
43.18 92.32 135
52.01 83.94 24
47.71 94.67 133
48.02 97.18 134
73.17 7.97 136
71.45 8.56 112
71.15 5.28 135
65.82 4.38 24
63.86 4.13 25
64.45 3.59 112
76.55 7.75 135
71.62 7.41 2
73.47 10.77 112
65.86 1.33 24
72.26 30.93 3
68.39 27.28 25
68.5 26.54 3
63.64 30.62 1
66.47 32.74 3
70.01 35.59 136
68.03 37.6 23
73.34 29.91 24
71.19 22.16 136
68.24 30.11 3
69.22 53.42 114
63.84 45.79 135
67.37 46.96 23
67.18 47.96 25
70.92 53.1 23
68.17 62.73 113
70.95 66.36 23
73.52 63.32 134
72.22 70.2 25
73.05 70.24 134
66.61 93.25 23
72.41 83.99 25
63.01 91.76 24
68.16 97.89 135
75.58 98.76 137
72.39 93.42 112
82.24 30.9 4
85.3 34.51 134
85.01 25.28 136
87.49 33.18 112
81.88 50.9 25
82.43 46.69 134
90.18 56.56 25
82.49 50.08 2
82.98 48.82 2
92.39 51.59 3
86.18 76.75 4
82.0 66.88 3
97.45 78.04 4
86.23 77.7 134
82.51 63.2 1
86.28 67.8 2
