2.93 8.62 113
1.31 3.05 117
3.08 5.21 115
4.34 4.06 115
6.21 15.38 113
5.69 17.61 91
7.74 24.88 92
7.13 26.89 92
1.55 24.97 94
7.67 28.03 93
4.21 33.58 91
6.2 37.7 116
5.25 36.61 90
8.14 34.52 117
4.9 46.93 92
6.48 52.69 91
1.01 53.01 93
4.69 57.48 117
4.15 62.01 93
7.6 64.54 116
14.26 8.01 117
14.68 3.92 94
13.22 13.98 114
17.48 14.97 113
13.07 17.46 90
16.3 22.47 90
12.87 27.37 94
15.77 25.91 117
12.56 33.64 93
14.52 37.72 91
15.67 37.29 93
12.54 44.93 94
13.34 41.81 113
18.09 56.71 94
18.75 65.39 117
17.77 64.32 116
14.94 63.08 114
23.31 2.2 90
25.24 13.23 91
21.68 12.44 113
22.28 12.3 113
22.98 26.26 92
28.14 26.01 91
23.24 37.92 94
24.0 44.04 92
27.46 55.72 117
25.85 55.68 90
26.66 66.21 113
34.25 5.72 91
34.17 13.98 91
35.49 14.32 91
33.04 16.0 94
36.01 11.22 113
34.74 26.41 93
33.51 28.31 94
33.58 33.43 116
36.77 37.01 90
38.46 43.33 113
34.93 47.73 90
36.21 44.99 91
33.48 44.37 92
46.47 5.66 114
41.03 2.74 113
46.15 3.54 93
47.05 2.57 91
47.45 17.59 113
42.44 13.59 94
43.86 14.33 90
44.62 24.07 116
46.29 22.6 113
43.6 38.07 91
46.43 36.8 113
46.29 47.78 92
43.92 42.68 117
42.77 45.77 94
48.27 43.73 114
43.26 54.78 91
41.95 56.36 117
55.1 8.35 117
56.23 7.42 116
55.61 14.59 115
57.21 16.52 117
58.55 14.86 114
55.86 26.06 116
56.92 22.2 114
52.28 34.3 94
51.43 31.74 93
55.36 35.66 94
57.0 37.88 116
54.86 42.45 92
51.9 52.71 90
56.45 63.34 117
53.14 63.57 116
51.06 62.74 91
58.27 64.1 92
67.12 4.42 93
64.33 15.48 93
64.98 14.04 114
63.52 26.17 94
64.38 23.61 116
62.93 26.22 90
63.22 32.62 94
66.74 33.89 116
66.0 31.89 94
64.17 35.91 116
64.51 45.03 94
65.92 41.9 115
62.96 58.31 92
64.3 52.05 114
66.15 66.82 91
61.4 62.64 113
